No,year,month,day,hour,PM2.5,PM10,SO2,NO2,CO,O3,TEMP,PRES,DEWP,RAIN,wd,WSPM,station
1,2013,3,1,0,3,6,3,8,300,44,-0.9,1025.8,-20.5,0,NW,9.3,Shunyi
2,2013,3,1,1,12,12,3,7,300,47,-1.1,1026.1,-21.3,0,NW,9.4,Shunyi
3,2013,3,1,2,14,14,NA,7,200,22,-1.7,1026.2,-23,0,NW,8.6,Shunyi
4,2013,3,1,3,12,12,3,5,NA,NA,-2.1,1027.3,-23.3,0,NW,6.6,Shunyi
5,2013,3,1,4,12,12,3,NA,200,11,-2.4,1027.7,-22.9,0,NW,4.5,Shunyi
6,2013,3,1,5,11,11,3,7,200,45,-2.8,1028.2,-22.1,0,NNW,1.7,Shunyi
7,2013,3,1,6,12,12,3,9,300,74,-4,1029,-21.2,0,NNE,1.6,Shunyi
8,2013,3,1,7,13,13,3,23,300,59,-2.4,1030.5,-21.3,0,NE,1.7,Shunyi
9,2013,3,1,8,8,8,3,19,400,66,-1,1031.2,-21.8,0,NNW,2.7,Shunyi
10,2013,3,1,9,3,6,3,21,400,60,0,1031.3,-22.9,0,SSW,0.8,Shunyi
11,2013,3,1,10,3,6,3,22,400,64,0.7,1031.3,-21.6,0,NNW,2.5,Shunyi
12,2013,3,1,11,6,6,3,16,300,67,1.7,1030.9,-21.5,0,NNW,1.4,Shunyi
13,2013,3,1,12,8,8,3,12,300,64,2.8,1030.1,-20.6,0,NE,2.1,Shunyi
14,2013,3,1,13,5,5,3,9,300,74,3.7,1028.9,-20.6,0,NE,2.1,Shunyi
15,2013,3,1,14,5,5,3,10,400,73,4.6,1028.6,-20.7,0,ENE,3.4,Shunyi
16,2013,3,1,15,8,8,3,11,400,75,5.2,1028.5,-20.2,0,NE,2.6,Shunyi
17,2013,3,1,16,7,7,3,12,400,73,4.9,1028.6,-20.4,0,NNE,1,Shunyi
18,2013,3,1,17,10,10,3,12,400,78,4.1,1029,-19.5,0,NNW,2,Shunyi
19,2013,3,1,18,3,6,3,18,400,76,2.3,1030.1,-17.3,0,NW,0.6,Shunyi
20,2013,3,1,19,3,8,3,21,400,71,1.6,1030.9,-19,0,N,1.9,Shunyi
21,2013,3,1,20,13,13,3,17,500,70,0.6,1031.9,-18.7,0,NE,2,Shunyi
22,2013,3,1,21,9,14,3,14,500,72,0.2,1032.8,-18.5,0,ENE,2.5,Shunyi
23,2013,3,1,22,5,11,3,11,400,74,-0.3,1033.4,-18.5,0,ENE,2.2,Shunyi
24,2013,3,1,23,9,11,3,8,400,78,-0.7,1033.1,-17.9,0,NE,2.8,Shunyi
25,2013,3,2,0,5,7,3,8,300,78,-1,1033,-18.1,0,NE,3.2,Shunyi
26,2013,3,2,1,3,6,3,8,300,76,-1.5,1033.7,-18.1,0,E,1,Shunyi
27,2013,3,2,2,4,4,3,8,300,77,-1.6,1033.3,-18.2,0,NE,2.1,Shunyi
28,2013,3,2,3,8,8,3,8,300,77,-2,1033,-18.1,0,NNE,1.4,Shunyi
29,2013,3,2,4,6,6,3,8,300,78,-2.5,1033,-17.7,0,N,1.7,Shunyi
30,2013,3,2,5,6,6,9,31,500,52,-3.1,1032.6,-17.1,0,N,0.7,Shunyi
31,2013,3,2,6,4,6,13,33,700,45,-2.8,1031.8,-17.2,0,NNW,0.9,Shunyi
32,2013,3,2,7,13,NA,12,31,700,49,-2.7,1032.3,-16.4,0,N,1.3,Shunyi
33,2013,3,2,8,12,12,8,31,500,48,-1.5,1032.3,-16.5,0,N,1.6,Shunyi
34,2013,3,2,9,12,10,20,54,800,25,-0.4,1032.2,-16.7,0,NW,1.7,Shunyi
35,2013,3,2,10,26,35,18,39,700,42,0.7,1031.8,-17.1,0,SW,0.5,Shunyi
36,2013,3,2,11,18,32,15,26,600,56,1.6,1031.2,-16.8,0,SSW,1.6,Shunyi
37,2013,3,2,12,19,22,17,45,600,37,2.1,1030.1,-16.9,0,SW,1.1,Shunyi
38,2013,3,2,13,12,14,15,60,800,34,2.8,1028.5,-16.3,0,NE,1,Shunyi
39,2013,3,2,14,18,23,21,67,1000,27,3.1,1027.7,-16.6,0,N,1.2,Shunyi
40,2013,3,2,15,32,34,22,66,1100,30,3.2,1026.9,-16,0,NE,0.5,Shunyi
41,2013,3,2,16,43,47,24,68,1100,30,3.1,1026.4,-15.6,0,N,1.8,Shunyi
42,2013,3,2,17,49,55,23,61,1000,37,2.2,1026.1,-15.4,0,ENE,1.4,Shunyi
43,2013,3,2,18,38,51,23,61,1000,34,1.7,1026.1,-14.9,0,ENE,1.5,Shunyi
44,2013,3,2,19,52,54,26,76,1200,18,1.1,1025.7,-14.6,0,ENE,1.3,Shunyi
45,2013,3,2,20,69,82,35,87,1700,8,0.7,1025.6,-14.5,0,NE,1.4,Shunyi
46,2013,3,2,21,96,104,53,90,2000,4,-0.1,1025.3,-13.8,0,ENE,0.8,Shunyi
47,2013,3,2,22,108,123,46,88,2000,4,-0.2,1024.7,-13.2,0,NNE,1,Shunyi
48,2013,3,2,23,130,136,70,88,2600,4,-0.9,1023.9,-14.8,0,N,1.6,Shunyi
49,2013,3,3,0,125,153,45,85,2600,4,-1.2,1022.9,-13.4,0,N,1.4,Shunyi
50,2013,3,3,1,96,118,40,81,1899,3,-2.1,1021.9,-12.2,0,WNW,1,Shunyi
51,2013,3,3,2,84,92,42,84,2000,4,-3.8,1020.7,-11.1,0,NW,0.2,Shunyi
52,2013,3,3,3,80,90,25,85,2000,4,-4.6,1019.9,-10.2,0,N,0.1,Shunyi
53,2013,3,3,4,81,92,11,82,3000,5,-3.8,1019.5,-10.9,0,N,1.1,Shunyi
54,2013,3,3,5,120,106,10,76,3000,4,-5.3,1019,-9.9,0,NNE,1.1,Shunyi
55,2013,3,3,6,88,108,10,73,2500,3,-4.1,1018.7,-11.4,0,NW,0.8,Shunyi
56,2013,3,3,7,92,97,8,67,3500,3,-2.6,1019.4,-11.9,0,NNW,1.4,Shunyi
57,2013,3,3,8,113,122,23,65,2700,3,-0.1,1018.6,-12.7,0,N,2.1,Shunyi
58,2013,3,3,9,99,114,67,62,2200,6,2.4,1018.4,-13,0,N,1,Shunyi
59,2013,3,3,10,88,95,66,61,1800,15,4.8,1017.5,-12.7,0,WNW,0.9,Shunyi
60,2013,3,3,11,85,92,61,65,1700,26,9.3,1016.2,-12.6,0,S,1.4,Shunyi
61,2013,3,3,12,95,106,60,73,1700,28,11.8,1014.9,-13.3,0,S,2.2,Shunyi
62,2013,3,3,13,109,123,58,84,1600,25,14.5,1013.6,-12.7,0,W,4.7,Shunyi
63,2013,3,3,14,99,114,48,78,1399,33,15.9,1013,-12.5,0,W,3.4,Shunyi
64,2013,3,3,15,70,107,28,64,1100,44,15.6,1013,-12.8,0,N,3.1,Shunyi
65,2013,3,3,16,45,96,23,42,900,64,14.9,1013,-12.4,0,NE,1.6,Shunyi
66,2013,3,3,17,41,73,15,34,800,72,13,1013.4,-13.1,0,N,1.1,Shunyi
67,2013,3,3,18,42,67,10,36,700,70,8.4,1014.4,-11,0,N,0,Shunyi
68,2013,3,3,19,39,66,11,49,700,47,5.3,1015.5,-9.7,0,NW,0.9,Shunyi
69,2013,3,3,20,26,67,25,63,800,27,10.4,1015.7,-12.3,0,NNW,2.4,Shunyi
70,2013,3,3,21,34,64,20,60,1300,27,7.4,1016,-8.3,0,NW,1.5,Shunyi
71,2013,3,3,22,47,68,16,44,1100,44,5.9,1016.5,-11.3,0,N,1.4,Shunyi
72,2013,3,3,23,38,55,19,54,1000,28,8.7,1017.2,-11.3,0,NW,4.2,Shunyi
73,2013,3,4,0,32,55,35,55,1200,29,8.9,1018.3,-11.2,0,NW,4.5,Shunyi
74,2013,3,4,1,39,54,18,32,1000,48,7.8,1019.2,-11,0,NW,2.6,Shunyi
75,2013,3,4,2,30,50,9,15,700,68,5.7,1019.3,-11.4,0,N,1.5,Shunyi
76,2013,3,4,3,16,26,13,13,500,71,3,1019.8,-12.1,0,WNW,1.1,Shunyi
77,2013,3,4,4,3,8,12,16,500,69,4.9,1020.1,-12.6,0,S,2.1,Shunyi
78,2013,3,4,5,3,8,5,11,400,77,2.2,1020.8,-12.1,0,SE,1,Shunyi
79,2013,3,4,6,3,9,6,22,500,60,2.6,1021.5,-12.1,0,NE,1.4,Shunyi
80,2013,3,4,7,9,14,15,53,800,24,5.2,1022.6,-11.9,0,NNE,1.2,Shunyi
81,2013,3,4,8,11,21,15,67,1399,13,8.2,1023.2,-12.3,0,NE,3.1,Shunyi
82,2013,3,4,9,15,33,13,32,700,56,9.6,1023.5,-13.6,0,NE,1.5,Shunyi
83,2013,3,4,10,10,14,6,19,600,72,11.1,1023.1,-13.8,0,ESE,1.4,Shunyi
84,2013,3,4,11,3,9,6,17,500,76,12,1022.5,-13.1,0,E,1.7,Shunyi
85,2013,3,4,12,3,7,5,15,500,83,13.4,1021.4,-13.6,0,W,3.5,Shunyi
86,2013,3,4,13,5,8,6,18,500,83,14.4,1020.2,-13.7,0,NNW,2.9,Shunyi
87,2013,3,4,14,3,9,8,19,500,82,15,1019.1,-14.2,0,N,3.5,Shunyi
88,2013,3,4,15,3,6,8,19,500,82,16,1018.5,-14.5,0,WSW,3.2,Shunyi
89,2013,3,4,16,13,NA,8,21,500,84,14.9,1017.9,-13.3,0,SSW,3,Shunyi
90,2013,3,4,17,8,10,10,32,500,69,12.8,1018.1,-13.3,0,SW,1.8,Shunyi
91,2013,3,4,18,18,28,7,55,700,50,10.6,1018.7,-13.5,0,SSW,1.6,Shunyi
92,2013,3,4,19,25,47,8,91,900,25,8.9,1019.1,-12.3,0,SSE,1.3,Shunyi
93,2013,3,4,20,37,60,15,103,1100,10,7.5,1019.2,-11.3,0,SSE,1.5,Shunyi
94,2013,3,4,21,52,84,24,104,1399,4,7,1019.4,-10.3,0,SSE,1.6,Shunyi
95,2013,3,4,22,63,97,30,107,1500,4,6.6,1019,-10.7,0,S,1.6,Shunyi
96,2013,3,4,23,72,103,32,103,1600,84,6.2,1018.3,-10.6,0,SSE,1.6,Shunyi
97,2013,3,5,0,80,100,32,96,1500,84,4.7,1017.9,-9.9,0,ESE,1.5,Shunyi
98,2013,3,5,1,82,100,28,90,1800,84,2.2,1017.4,-9.4,0,NE,0.9,Shunyi
99,2013,3,5,2,93,106,NA,5,200,84,2.2,1017,-10.7,0,NNE,1.7,Shunyi
100,2013,3,5,3,98,116,5,4,NA,84,0.5,1016.7,-8.2,0,NNE,0.2,Shunyi
101,2013,3,5,4,110,133,5,NA,200,84,0.2,1016.4,-9,0,NNE,1.7,Shunyi
102,2013,3,5,5,108,127,5,75,1500,84,0.3,1016.3,-7.5,0,NNE,0,Shunyi
103,2013,3,5,6,104,116,15,72,2100,84,-0.1,1016.3,-8.3,0,NE,1,Shunyi
104,2013,3,5,7,100,108,17,68,2299,84,1.7,1016.1,-7.6,0,NE,1,Shunyi
105,2013,3,5,8,103,111,35,65,2399,84,5.3,1015.9,-7.9,0,SSE,1.3,Shunyi
106,2013,3,5,9,104,123,75,64,2200,84,7.4,1015.4,-7.9,0,SSE,1.5,Shunyi
107,2013,3,5,10,114,136,79,70,2200,84,8.3,1014.7,-7.1,0,NE,1.4,Shunyi
108,2013,3,5,11,124,150,77,69,1899,84,10.7,1013.6,-6.6,0,ENE,1.1,Shunyi
109,2013,3,5,12,127,147,76,68,1800,33,12.3,1012.3,-7.2,0,S,1.4,Shunyi
110,2013,3,5,13,129,149,84,78,1700,84,12.2,1010.9,-7.3,0,ESE,0.6,Shunyi
111,2013,3,5,14,142,154,79,77,1600,84,13.6,1010.3,-7.8,0,E,1.7,Shunyi
112,2013,3,5,15,85,102,60,86,1500,84,13.7,1009.8,-7.1,0,S,1.6,Shunyi
113,2013,3,5,16,3,3,71,118,1600,69,12.9,1009.7,-6.2,0,SE,1,Shunyi
114,2013,3,5,17,3,74,83,112,2000,61,12,1010.2,-6.5,0,NNE,1.2,Shunyi
115,2013,3,5,18,3,238,86,128,2100,61,8.9,1010.7,-5.4,0,N,0.7,Shunyi
116,2013,3,5,19,154,226,84,140,2200,61,7.3,1011.1,-5.1,0,NNE,1.3,Shunyi
117,2013,3,5,20,193,234,87,145,2399,61,4.1,1011.4,-4.1,0,NNE,1.3,Shunyi
118,2013,3,5,21,218,247,101,143,2799,61,5,1011.3,-5.1,0,N,1.5,Shunyi
119,2013,3,5,22,249,261,92,134,2500,61,5.3,1011.3,-5.7,0,N,1.4,Shunyi
120,2013,3,5,23,233,239,77,114,2100,61,4.1,1011,-5.7,0,N,1.7,Shunyi
121,2013,3,6,0,200,208,79.6824,97.7228,NA,61,4.5,1011.1,-5,0,NNW,0.7,Shunyi
122,2013,3,6,1,163,184,77,104,2200,61,2.9,1010.9,-5.5,0,NNW,1,Shunyi
123,2013,3,6,2,172,173,66,106,2399,61,4.6,1010.4,-6,0,N,1.2,Shunyi
124,2013,3,6,3,160,175,61,100,2200,61,4.1,1010.2,-5.9,0,N,1.8,Shunyi
125,2013,3,6,4,146,158,59,94,2000,61,3.7,1009.9,-5.8,0,N,2.1,Shunyi
126,2013,3,6,5,137,144,67,85,1700,61,3.9,1010.4,-5.9,0,NNE,1.8,Shunyi
127,2013,3,6,6,129,140,73,82,1800,61,4,1010.9,-5.8,0,N,2,Shunyi
128,2013,3,6,7,128,136,86,82,1600,61,4.5,1011.6,-5.9,0,NNE,1.9,Shunyi
129,2013,3,6,8,120,132,84,72,1600,61,5.3,1011.6,-5.7,0,N,2.1,Shunyi
130,2013,3,6,9,136,138,94,80,1800,61,6.4,1011.6,-5.6,0,N,2.2,Shunyi
131,2013,3,6,10,143,156,97,79,2100,61,8.4,1011.4,-5.5,0,NNW,1.7,Shunyi
132,2013,3,6,11,164,174,87.108,75.7557,NA,61,9.1,1010.5,-5.6,0,N,2.1,Shunyi
133,2013,3,6,12,160,174,103,87,2700,61,9.7,1009.3,-5.4,0,N,1.7,Shunyi
134,2013,3,6,13,168,186,89,77,1899,61,10.8,1008.4,-4.9,0,NNW,0.9,Shunyi
135,2013,3,6,14,160,173,84,74,1800,49,12.2,1008,-4.9,0,WSW,1.2,Shunyi
136,2013,3,6,15,161,176,99,86,1899,49,13.1,1008,-4.6,0,NE,1.2,Shunyi
137,2013,3,6,16,165,191,113,111,2200,49,12.8,1007.9,-4.8,0,NNE,0.2,Shunyi
138,2013,3,6,17,188,218,125,112,2200,36,10.2,1008.4,-3.5,0,SE,0.6,Shunyi
139,2013,3,6,18,201,217,113,113,2600,26,8.1,1009.2,-3.4,0,ESE,0,Shunyi
140,2013,3,6,19,186,217,102,120,2399,26,5.5,1009.9,-3.3,0,NNW,0.1,Shunyi
141,2013,3,6,20,194,233,86,111,2899,26,4.4,1010.3,-3.6,0,W,0.8,Shunyi
142,2013,3,6,21,203,241,83,116,2899,26,3.4,1010,-3,0,W,0.1,Shunyi
143,2013,3,6,22,217,245,83,118,3500,26,3.7,1010,-3.1,0,NE,0.5,Shunyi
144,2013,3,6,23,248,277,74,114,4500,26,2.5,1009.9,-2.6,0,NE,0.9,Shunyi
145,2013,3,7,0,299,312,76,117,4500,26,1.2,1009.8,-3.3,0,NE,0,Shunyi
146,2013,3,7,1,312,320,71,113,4500,26,1.7,1009.7,-3.6,0,NNE,0.9,Shunyi
147,2013,3,7,2,275,308,71,105,4500,26,1.1,1009.2,-3.4,0,N,0,Shunyi
148,2013,3,7,3,278,305,55,99,4400,26,0.1,1009,-3.3,0,NNE,1.9,Shunyi
149,2013,3,7,4,255,290,43,91,3500,26,0.2,1009.2,-3.4,0,NE,0.5,Shunyi
150,2013,3,7,5,192,240,39,91,2500,26,-0.4,1009.3,-3.8,0,NNW,0.9,Shunyi
151,2013,3,7,6,169,189,42,88,2500,26,0.9,1009.1,-3.6,0,NNE,0.7,Shunyi
152,2013,3,7,7,151,176,37,74,2200,26,3.1,1009.2,-2.6,0,NE,1.7,Shunyi
153,2013,3,7,8,126,149,44,63,2200,26,6.5,1009.4,-2.2,0,SSW,1.1,Shunyi
154,2013,3,7,9,126,140,98,65,2100,26,8.4,1009,-2,0,SE,1.4,Shunyi
155,2013,3,7,10,157,165,131,104,2799,26,10.5,1008,-1.9,0,NNE,1,Shunyi
156,2013,3,7,11,220,227,133,129,3100,26,14.4,1006.2,-3,0,SE,2.4,Shunyi
157,2013,3,7,12,263,264,134,138,3200,26,15.8,1003.9,-2.7,0,SSE,3,Shunyi
158,2013,3,7,13,272,280,121,156,3399,41,17.3,1002.7,-1.9,0,S,2.6,Shunyi
159,2013,3,7,14,330,335,123,154,3500,67,17.7,1001.3,-2.1,0,SSW,1.5,Shunyi
160,2013,3,7,15,366,371,112,121,3100,85,18.1,1000.3,-2.3,0,SSW,1.4,Shunyi
161,2013,3,7,16,259,290,87,110,2600,91,17.4,999.8,-0.8,0,ESE,1.1,Shunyi
162,2013,3,7,17,249,262,93,115,3100,98,15.2,999.4,-0.2,0,E,1.2,Shunyi
163,2013,3,7,18,318,328,111,143,4000,98,13,1000,0,0,NNE,1.5,Shunyi
164,2013,3,7,19,404,435,107,183,4900,43,11.2,1000,0.6,0,NNE,0.4,Shunyi
165,2013,3,7,20,484,497,110,154,4599,98,9.2,1000.2,0.4,0,WSW,0.4,Shunyi
166,2013,3,7,21,446,486,107,139,4500,98,6.9,1000.5,0.1,0,NW,0,Shunyi
167,2013,3,7,22,425,445,91,159,4700,98,6.4,1000.7,-0.4,0,NNW,0.9,Shunyi
168,2013,3,7,23,416,425,95,172,4200,98,5.2,1000.7,-0.6,0,NNE,1,Shunyi
169,2013,3,8,0,344,385,96,168,4099,98,5.3,1000.6,-1.4,0,N,1.3,Shunyi
170,2013,3,8,1,386,340,98,111,3700,98,4.5,1000.7,-1.7,0,NW,1.1,Shunyi
171,2013,3,8,2,326,352,81,86,3200,98,3.7,1000.6,-1.7,0,NE,1.6,Shunyi
172,2013,3,8,3,301,312,76,102,3299,98,4,1000.3,-2.2,0,NNW,1.6,Shunyi
173,2013,3,8,4,335,278,78,107,3100,98,3.2,1001,-2.8,0,SW,0.5,Shunyi
174,2013,3,8,5,232,249,61,110,3100,98,1.9,1001.6,-2.8,0,S,0.5,Shunyi
175,2013,3,8,6,265,222,40,103,3100,98,2.3,1002.3,-2.4,0,W,0.7,Shunyi
176,2013,3,8,7,263,221,38,96,3100,98,6.8,1002.9,-2.1,0,NNE,2,Shunyi
177,2013,3,8,8,216,223,66,88,3399,98,10,1003.5,-2,0,NE,2,Shunyi
178,2013,3,8,9,207,226,96,78,2700,98,14.5,1003.4,-2,0,SE,1.2,Shunyi
179,2013,3,8,10,174,196,74.256,62.6165,NA,98,16.8,1003.4,-1.4,0,SE,2.1,Shunyi
180,2013,3,8,11,181,244,87,116,2600,98,20,1002.6,-3,0,S,3.1,Shunyi
181,2013,3,8,12,212,197,67,94,2100,98,17.7,1002.4,1.6,0,SE,5.5,Shunyi
182,2013,3,8,13,377,515,81.1104,133.0344,NA,98,15.8,1001.8,1.9,0,SE,6.2,Shunyi
183,2013,3,8,14,558,668,117,149,6099,98,14.4,1001.8,0.6,0,SE,6.7,Shunyi
184,2013,3,8,15,253,330,99,85,4099,98,13.2,1002.1,0.9,0,SSE,3.5,Shunyi
185,2013,3,8,16,170,229,81,64,2700,98,11.7,1002.5,-0.8,0,SSE,2.6,Shunyi
186,2013,3,8,17,139,156,73,51,1800,90,10.5,1002.4,-0.9,0,SE,3.1,Shunyi
187,2013,3,8,18,79,92,44,42,1200,90,9.2,1003.2,-1.3,0,SE,1.8,Shunyi
188,2013,3,8,19,58,88,33,41,1300,90,8.1,1003,-2.6,0,SSE,2.7,Shunyi
189,2013,3,8,20,90,104,37,61,1600,90,6.9,1003.1,-3.7,0,SSE,1.7,Shunyi
190,2013,3,8,21,90,113,42,67,1700,90,6.1,1002.5,-3.8,0,SSW,1.7,Shunyi
191,2013,3,8,22,79,80,47,70,1600,90,5.2,1001.6,-4.4,0,SSW,1.7,Shunyi
192,2013,3,8,23,89,93,54,82,1800,90,3.8,999.9,-3.3,0,ENE,0.7,Shunyi
193,2013,3,9,0,54,84,52,91,2100,90,2.9,998.5,-3,0,WNW,1,Shunyi
194,2013,3,9,1,93,98,42,71,2100,90,2.5,997.5,-3.8,0,SW,0.6,Shunyi
195,2013,3,9,2,64,93,NA,5,200,90,2.5,996.6,-3.8,0,WNW,1.7,Shunyi
196,2013,3,9,3,99,105,7,4,NA,90,1.6,995.3,-3.7,0,SSW,0.6,Shunyi
197,2013,3,9,4,119,131,7,NA,100,90,1.4,994.3,-3.5,0,WSW,0.8,Shunyi
198,2013,3,9,5,87,105,17,87,1800,90,2.7,994.6,-3.4,0,NW,1.5,Shunyi
199,2013,3,9,6,106,115,28,84,2299,90,1.8,994.7,-3.3,0,N,1.2,Shunyi
200,2013,3,9,7,114,124,31,80,2399,90,3.2,995.8,-3.2,0,N,3.3,Shunyi
201,2013,3,9,8,117,143,43,74,2600,90,6.5,996.7,-2.9,0,N,3,Shunyi
202,2013,3,9,9,127,168,81,67,2200,90,16.1,998,-2.9,0,NNW,7.8,Shunyi
203,2013,3,9,10,123,177,88,55,1800,90,16.3,1000.3,-8.8,0,NW,12.8,Shunyi
204,2013,3,9,11,76,764,59,66,1500,90,14,1003.6,-11.5,0,NNW,9.7,Shunyi
205,2013,3,9,12,NA,NA,NA,NA,NA,90,12.7,1006.6,-15.1,0,NNW,9.9,Shunyi
206,2013,3,9,13,NA,NA,NA,NA,NA,90,10.4,1009,-16,0,NW,7.6,Shunyi
207,2013,3,9,14,NA,NA,NA,NA,NA,90,9.8,1010.4,-17.4,0,NW,6.2,Shunyi
208,2013,3,9,15,NA,NA,NA,NA,NA,90,9.7,1011.7,-17.5,0,NNW,5.9,Shunyi
209,2013,3,9,16,NA,NA,NA,NA,NA,90,10.3,1013.1,-17.9,0,NNW,6.2,Shunyi
210,2013,3,9,17,NA,NA,NA,NA,NA,88,9.1,1015.2,-18.9,0,NW,4.1,Shunyi
211,2013,3,9,18,NA,NA,NA,NA,NA,78,7.2,1017.9,-17.8,0,WNW,4.7,Shunyi
212,2013,3,9,19,NA,NA,NA,NA,NA,45,6.2,1020,-17.8,0,WNW,7.1,Shunyi
213,2013,3,9,20,NA,NA,NA,NA,NA,35,5.3,1022.1,-17.8,0,WNW,4.8,Shunyi
214,2013,3,9,21,NA,NA,NA,NA,NA,35,5,1022.8,-17.4,0,NW,6.3,Shunyi
215,2013,3,9,22,NA,NA,NA,NA,NA,35,4.3,1023.7,-17.4,0,NNW,2.2,Shunyi
216,2013,3,9,23,NA,NA,NA,NA,NA,35,1.5,1024,-15.5,0,NNE,1,Shunyi
217,2013,3,10,0,NA,NA,NA,NA,NA,35,0.8,1023.7,-14.8,0,N,1.1,Shunyi
218,2013,3,10,1,NA,NA,NA,NA,NA,35,-1,1023.8,-12.3,0,NNE,0,Shunyi
219,2013,3,10,2,NA,NA,NA,NA,NA,35,-1.2,1023.7,-12.8,0,NNW,0.9,Shunyi
220,2013,3,10,3,NA,NA,NA,NA,NA,35,-2.3,1023.9,-10.6,0,NE,0.7,Shunyi
221,2013,3,10,4,NA,NA,NA,NA,NA,35,-2.3,1024.6,-11.6,0,NE,1.3,Shunyi
222,2013,3,10,5,NA,NA,NA,NA,NA,35,-3,1024.7,-10.8,0,NE,0.2,Shunyi
223,2013,3,10,6,NA,NA,NA,NA,NA,35,-2.4,1025,-12.2,0,NNE,1.6,Shunyi
224,2013,3,10,7,NA,NA,NA,NA,NA,35,2,1025.9,-11.9,0,S,0.7,Shunyi
225,2013,3,10,8,NA,NA,NA,NA,NA,35,5.1,1026.1,-12.4,0,SE,1.5,Shunyi
226,2013,3,10,9,39,39,NA,NA,NA,35,8,1025.7,-16.4,0,S,3.8,Shunyi
227,2013,3,10,10,56,69,38,74,1300,21,9.3,1024.9,-16.1,0,S,3.5,Shunyi
228,2013,3,10,11,26,37,27,58,900,32,9.7,1024.4,-16.6,0,SW,3.6,Shunyi
229,2013,3,10,12,24,45,21,49,800,43,11.1,1023.3,-16.4,0,SSW,3,Shunyi
230,2013,3,10,13,30,41,16,38,700,56,12.2,1022.2,-15.5,0,WSW,3.1,Shunyi
231,2013,3,10,14,21,26,16,33,600,64,12.2,1021.2,-15.5,0,SW,3.1,Shunyi
232,2013,3,10,15,32,34,18,30,600,68,11.6,1021,-15.1,0,SW,3.7,Shunyi
233,2013,3,10,16,40,50,20,32,500,68,10.7,1020.7,-14.9,0,SSW,5,Shunyi
234,2013,3,10,17,37,58,18,30,500,68,9.5,1020.7,-13.7,0,SSW,4.2,Shunyi
235,2013,3,10,18,45,74,18,37,600,68,7.9,1021.2,-12.6,0,S,2.4,Shunyi
236,2013,3,10,19,58,94,20,47,700,68,5.7,1021.6,-11.9,0,SSE,1.7,Shunyi
237,2013,3,10,20,72,108,30,69,900,68,6.2,1021.8,-11.5,0,SE,1.5,Shunyi
238,2013,3,10,21,91,120,40,83,1000,68,4.6,1021.7,-11.1,0,SSE,1.6,Shunyi
239,2013,3,10,22,110,141,55,91,1300,68,3.8,1021.4,-10.7,0,SE,1.8,Shunyi
240,2013,3,10,23,111,135,53,86,1300,68,3.1,1021.5,-10.2,0,SE,1.6,Shunyi
241,2013,3,11,0,99,131,43,81,1200,68,3.1,1021.1,-9.9,0,SE,1.8,Shunyi
242,2013,3,11,1,96,126,41,73,1200,68,2.5,1020.7,-10.1,0,SE,2,Shunyi
243,2013,3,11,2,96,128,64,78,1200,68,2.2,1020.1,-9.7,0,ESE,1.2,Shunyi
244,2013,3,11,3,104,143,57,74,1200,68,1.2,1019.8,-9.2,0,ESE,1.5,Shunyi
245,2013,3,11,4,107,142,43,71,1300,68,1.3,1019.5,-9.1,0,SSE,1.5,Shunyi
246,2013,3,11,5,108,135,41,70,1399,68,0.4,1019.6,-8.6,0,ENE,0.6,Shunyi
247,2013,3,11,6,114,141,53,70,1700,68,-1.1,1019.9,-7.7,0,ESE,0.4,Shunyi
248,2013,3,11,7,131,157,38,68,2200,68,2.2,1020.1,-7.4,0,ESE,1.1,Shunyi
249,2013,3,11,8,131,155,68,67,2399,68,4.2,1020.1,-7.9,0,ESE,1.3,Shunyi
250,2013,3,11,9,125,138,86,64,2299,68,5.8,1019.4,-8.1,0,SSE,1.9,Shunyi
251,2013,3,11,10,134,141,119,66,1899,68,6.9,1018.8,-7.9,0,SE,1.5,Shunyi
252,2013,3,11,11,115,131,135,70,1700,68,8.3,1017.6,-7.5,0,ENE,1.9,Shunyi
253,2013,3,11,12,142,175,150,74,1800,68,9.3,1016.2,-7.9,0,S,1.9,Shunyi
254,2013,3,11,13,147,173,162,76,1700,68,10.6,1014.8,-7.7,0,SSE,2.1,Shunyi
255,2013,3,11,14,144,160,150,73,1600,68,11.5,1013.7,-6.9,0,SSW,2.2,Shunyi
256,2013,3,11,15,121,140,105,62,1399,68,11.6,1012.8,-6.8,0,SW,2.6,Shunyi
257,2013,3,11,16,105,120,109,56,1399,68,10.8,1012,-7,0,S,3.4,Shunyi
258,2013,3,11,17,115,157,115,73,1500,63,10.3,1012.4,-5.7,0,SSW,1.2,Shunyi
259,2013,3,11,18,136,197,119,86,1800,59,9.9,1012.6,-3.4,0,SE,1.6,Shunyi
260,2013,3,11,19,133,187,84,88,1399,56,9.5,1013,-2.8,0,SE,1.1,Shunyi
261,2013,3,11,20,147,198,78,98,1500,56,9.4,1013,-2.6,0,SE,1,Shunyi
262,2013,3,11,21,161,204,77,93,1600,56,9,1012.5,-3.6,0,SE,1.6,Shunyi
263,2013,3,11,22,153,200,78,82,1500,56,8.6,1012.2,-3.3,0,SE,1.8,Shunyi
264,2013,3,11,23,134,192,69,74,1600,56,8.1,1011.1,-3.4,0,ESE,1.2,Shunyi
265,2013,3,12,0,139,164,65,72,1600,56,7,1010.3,-3.3,0,SE,2.1,Shunyi
266,2013,3,12,1,134,176,65,75,1500,56,6.1,1009.7,-2.3,0,E,1.3,Shunyi
267,2013,3,12,2,129,170,67,78,1600,56,6.4,1008.5,-2.5,0,SE,1.5,Shunyi
268,2013,3,12,3,125,156,77,83,1600,56,6.2,1008.8,-1.7,0,NW,1.3,Shunyi
269,2013,3,12,4,123,159,83,84,1600,56,4.4,1009,0.5,0.4,NE,1.5,Shunyi
270,2013,3,12,5,122,168,44,82,1600,56,4.3,1009,1.3,0.3,NE,1.5,Shunyi
271,2013,3,12,6,122,138,26,80,1600,56,4,1008.9,1.5,0.2,SSW,0.9,Shunyi
272,2013,3,12,7,100,115,19,72,1700,56,3.5,1009.4,1.5,1.2,WNW,0.8,Shunyi
273,2013,3,12,8,98,103,15,70,1600,56,3.3,1009.6,1.5,0.4,N,1.4,Shunyi
274,2013,3,12,9,111,104,13,67,1500,56,3.1,1009.1,1.8,0.2,NE,1.4,Shunyi
275,2013,3,12,10,118,92,13,62,1500,56,3.5,1009.6,2.2,0.1,NNE,1.3,Shunyi
276,2013,3,12,11,119,90,12,58,1500,56,3.8,1009.3,2.3,0,N,1.1,Shunyi
277,2013,3,12,12,128,96,12,61,1600,56,4.6,1009,2.5,0,NW,1.2,Shunyi
278,2013,3,12,13,121,86,13,54,1500,56,5.3,1009.5,2.6,0,N,1.5,Shunyi
279,2013,3,12,14,116,83,13,53,1300,56,5.6,1009.9,2.8,0,N,1.3,Shunyi
280,2013,3,12,15,102,67,12,41,1100,56,6.2,1009.7,3,0,N,0.7,Shunyi
281,2013,3,12,16,112,76,13,52,1300,31,6.8,1010.7,3.4,0,NW,2,Shunyi
282,2013,3,12,17,99,100,22,62,1600,18,6.3,1012.2,3.6,0,WNW,0.8,Shunyi
283,2013,3,12,18,141,100,19,66,1700,18,5.2,1013.5,3.2,0,NNE,0.6,Shunyi
284,2013,3,12,19,155,122,18,64,2000,17,3.9,1014.9,2.3,0,N,0.9,Shunyi
285,2013,3,12,20,138,99,17,64,1899,17,4.1,1016.9,1,0,NNE,1,Shunyi
286,2013,3,12,21,90,66,12,59,1300,17,2.5,1018.2,0.4,0,N,1.1,Shunyi
287,2013,3,12,22,77,99,11,58,1600,17,3.1,1019.3,-0.9,0,N,0.9,Shunyi
288,2013,3,12,23,62,100,9,43,1000,17,4.4,1020.3,-8.7,0,N,3.6,Shunyi
289,2013,3,13,0,13,13,10,13,500,66,3.4,1021.2,-9.6,0,N,1.5,Shunyi
290,2013,3,13,1,3,6,8,8,400,74,2.5,1021.7,-11.1,0,NNE,2,Shunyi
291,2013,3,13,2,9,6,9,2,100,74,1.3,1021.9,-11.2,0,NNE,1.7,Shunyi
292,2013,3,13,3,7,7,5,3,NA,74,0.8,1022.6,-11,0,NW,2.6,Shunyi
293,2013,3,13,4,3,6,6,3,100,74,0.1,1023.3,-11,0,NE,1.9,Shunyi
294,2013,3,13,5,3,6,5,18,300,74,-0.4,1024,-10.9,0,NE,2.8,Shunyi
295,2013,3,13,6,3,6,7,12,300,74,-0.1,1025.1,-11.2,0,NE,2.5,Shunyi
296,2013,3,13,7,3,8,6,14,300,74,1.6,1026.4,-11.9,0,NE,3.6,Shunyi
297,2013,3,13,8,12,8,11,16,300,74,2.9,1027.9,-13,0,NE,3.8,Shunyi
298,2013,3,13,9,10,17,12,11,300,74,3.7,1028.4,-14.6,0,NNE,4.1,Shunyi
299,2013,3,13,10,7,17,11,11,300,74,4.4,1028.4,-15.5,0,E,3.4,Shunyi
300,2013,3,13,11,3,6,12,10,300,74,5,1027.9,-16.2,0,NNE,2.2,Shunyi
301,2013,3,13,12,3,6,8,8,300,74,5.9,1026.8,-16,0,N,2.5,Shunyi
302,2013,3,13,13,8,6,7,7,300,76,6.8,1025.7,-15.9,0,ENE,0.6,Shunyi
303,2013,3,13,14,3,6,8,8,300,76,7.5,1025.1,-15.4,0,NE,2.4,Shunyi
304,2013,3,13,15,3,6,8,8,300,76,7.8,1024.6,-15.8,0,WNW,0.9,Shunyi
305,2013,3,13,16,3,6,8,7,700,76,7.6,1024.7,-14.6,0,SSE,1.7,Shunyi
306,2013,3,13,17,3,6,6,11,300,83,6.4,1025,-14.4,0,SSE,1.8,Shunyi
307,2013,3,13,18,8,9,8,24,300,83,5,1025.8,-13.4,0,SSE,1.5,Shunyi
308,2013,3,13,19,17,26,9,37,400,83,3.7,1026.3,-11.9,0,SSE,1.3,Shunyi
309,2013,3,13,20,31,40,19,81,600,83,2.8,1026.8,-11.5,0,SSE,1.3,Shunyi
310,2013,3,13,21,55,71,30,93,900,83,2.3,1026.9,-10.6,0,SSE,1.3,Shunyi
311,2013,3,13,22,62,75,36,93,1000,83,2.3,1027,-9,0,SE,2.1,Shunyi
312,2013,3,13,23,68,80,36,89,1100,83,1.3,1027.4,-4,0,SE,3.2,Shunyi
313,2013,3,14,0,69,118,13,73,1500,83,0.2,1027.8,-4.1,0,SE,2.7,Shunyi
314,2013,3,14,1,73,98,6,69,1600,83,-0.4,1027.8,-4.3,0,ESE,1.8,Shunyi
315,2013,3,14,2,60,72,4,65,1300,83,-0.8,1027.3,-4.7,0,ESE,1.5,Shunyi
316,2013,3,14,3,57,63,4,57,1100,83,-1,1027,-4.9,0,E,1.7,Shunyi
317,2013,3,14,4,48,58,3,52,1000,83,-1.3,1026.8,-5.3,0,ESE,1.4,Shunyi
318,2013,3,14,5,50,59,3,52,1000,83,-0.8,1027.1,-4.9,0,SE,1.7,Shunyi
319,2013,3,14,6,63,65,4,53,1000,83,-0.5,1027.2,-4.9,0,SE,1,Shunyi
320,2013,3,14,7,54,65,4,55,1000,83,0.2,1027.5,-4.6,0,SE,1.4,Shunyi
321,2013,3,14,8,64,67,4,51,1100,83,1.3,1027.6,-4.6,0,SE,1.8,Shunyi
322,2013,3,14,9,74,76,7,47,1100,83,2.8,1027.2,-4.7,0,S,1.1,Shunyi
323,2013,3,14,10,68,81,28,49,1200,83,4,1026.1,-4.5,0,SE,1.6,Shunyi
324,2013,3,14,11,103,107,59,54,1300,83,5.1,1025.1,-4.8,0,SW,1.6,Shunyi
325,2013,3,14,12,94,112,57,56,1300,83,6.5,1024.2,-4,0,SSW,2.7,Shunyi
326,2013,3,14,13,125,125,51,66,1300,83,7.6,1023,-4.2,0,NW,1.4,Shunyi
327,2013,3,14,14,136,137,58,78,1500,83,8.9,1021.9,-4.7,0,S,1.4,Shunyi
328,2013,3,14,15,120,134,81,77,1399,83,9.9,1021.1,-5.7,0,S,2.5,Shunyi
329,2013,3,14,16,113,113,94,69,1200,83,9,1020.6,-5.7,0,S,3.8,Shunyi
330,2013,3,14,17,104,105,86,67,1200,73,7.7,1020.9,-5.4,0,SSW,3.1,Shunyi
331,2013,3,14,18,92,114,80,72,1300,60,6.3,1021,-4.5,0,S,1.9,Shunyi
332,2013,3,14,19,112,112,59,88,1200,47,5.3,1021.2,-4.3,0,S,1.3,Shunyi
333,2013,3,14,20,121,123,57,98,1300,47,4.2,1021.2,-4.1,0,SE,1.1,Shunyi
334,2013,3,14,21,106,125,56,104,1500,47,3.8,1021.2,-3.9,0,SE,1,Shunyi
335,2013,3,14,22,115,128,54,101,1500,47,3.4,1020.9,-3.9,0,SE,1.1,Shunyi
336,2013,3,14,23,142,150,46,98,1600,47,2.8,1020.6,-3.3,0,ENE,0.9,Shunyi
337,2013,3,15,0,144,146,43,94,1600,47,2.1,1020.3,-3.8,0,NNE,2.2,Shunyi
338,2013,3,15,1,147,160,35,89,1600,47,1.7,1019.9,-3.6,0,NNE,1.1,Shunyi
339,2013,3,15,2,147,154,23,86,1700,47,1.2,1019.3,-3.5,0,N,1.4,Shunyi
340,2013,3,15,3,129,143,17,85,1700,47,1.1,1018.9,-3.6,0,NE,1.3,Shunyi
341,2013,3,15,4,128,138,15,81,1700,47,0.7,1018.7,-3.8,0,N,1.3,Shunyi
342,2013,3,15,5,128,136,12,77,1700,47,0.3,1018.8,-3.8,0,N,1.2,Shunyi
343,2013,3,15,6,125,133,10,70,1700,47,0.1,1018.4,-3.5,0,NNE,1.6,Shunyi
344,2013,3,15,7,124,135,9,67,1700,47,1.1,1019.1,-3.4,0,NNE,1.4,Shunyi
345,2013,3,15,8,149,150,13,63,1800,47,2.6,1019.2,-2.9,0,N,1.2,Shunyi
346,2013,3,15,9,162,167,25,63,1800,47,4.8,1018.5,-2.3,0,NNE,1.1,Shunyi
347,2013,3,15,10,162,167,26,63,2100,4,6.4,1017.5,-1.8,0,SSE,2,Shunyi
348,2013,3,15,11,222,243,88,86,2299,7,8,1017,-1.5,0,SW,1.1,Shunyi
349,2013,3,15,12,251,270,94,102,2299,12,9.2,1015.9,-1.3,0,ESE,2.4,Shunyi
350,2013,3,15,13,265,280,110,117,2299,47,10.5,1014.5,-1.3,0,SE,2.6,Shunyi
351,2013,3,15,14,282,293,102,135,2500,47,11.4,1014,-1.4,0,SSW,2.4,Shunyi
352,2013,3,15,15,296,296,101,144,2500,47,11.1,1013.5,-0.7,0,SSE,1.3,Shunyi
353,2013,3,15,16,304,307,92,168,2600,47,10.8,1013.6,0.2,0,ESE,1.3,Shunyi
354,2013,3,15,17,284,275,76,120,2000,38,10.5,1013.9,0.5,0,E,1.8,Shunyi
355,2013,3,15,18,244,263,67,110,1800,38,9.6,1014.6,1,0,ENE,1.2,Shunyi
356,2013,3,15,19,295,306,58,136,2399,38,7.8,1015.3,1.8,0,E,0.2,Shunyi
357,2013,3,15,20,269,294,48,123,2100,38,6.3,1016.2,1.2,0,N,0.9,Shunyi
358,2013,3,15,21,281,295,37,117,2000,38,6.8,1017.2,1.3,0,NNE,1.8,Shunyi
359,2013,3,15,22,262,273,27,108,2200,38,6.3,1017.7,0.6,0,NNE,1,Shunyi
360,2013,3,15,23,244,289,27,115,2299,38,5.7,1018,0.2,0,N,1.3,Shunyi
361,2013,3,16,0,267,298,26,114,2200,38,5.5,1018.2,0.1,0,NNE,1.3,Shunyi
362,2013,3,16,1,261,274,27,103,2100,38,5.1,1018.6,-0.1,0,N,1.9,Shunyi
363,2013,3,16,2,265,277,30,96,2000,38,4.7,1018.7,-0.3,0,N,1.8,Shunyi
364,2013,3,16,3,285,250,24,78,1800,38,4.6,1019.5,-0.4,0,N,1.3,Shunyi
365,2013,3,16,4,249,249,19,76,1800,38,4.1,1020.3,-0.5,0,NNE,1.7,Shunyi
366,2013,3,16,5,287,242,18,68,1800,38,4.6,1020.9,-0.6,0,N,2.4,Shunyi
367,2013,3,16,6,291,247,18,82,2000,38,4.3,1021.8,-0.7,0,NNW,1.7,Shunyi
368,2013,3,16,7,290,248,23,84,2100,38,5.1,1022.4,-0.7,0,NNW,1.4,Shunyi
369,2013,3,16,8,261,266,28,81,2299,38,7.2,1023,-0.5,0,NW,1.8,Shunyi
370,2013,3,16,9,305,272,56,77,2299,38,9.7,1023.2,-0.2,0,WNW,1.9,Shunyi
371,2013,3,16,10,296,264,90,72,2100,38,12.5,1022.7,-1.1,0,NE,0.5,Shunyi
372,2013,3,16,11,274,239,98,77,1899,38,13.6,1022,-1.6,0,WSW,2.2,Shunyi
373,2013,3,16,12,199,141,85,70,1600,58,14.6,1021,-1.9,0,S,2.4,Shunyi
374,2013,3,16,13,177,137,73,69,1600,75,14.8,1019.8,-1.8,0,S,3.1,Shunyi
375,2013,3,16,14,164,122,59,56,1600,101,14.5,1019.1,-1.6,0,SSE,3.1,Shunyi
376,2013,3,16,15,155,168,72,67,2000,101,14,1018.2,-0.9,0,S,4.1,Shunyi
377,2013,3,16,16,189,151,74,69,2299,101,13.2,1017.5,-0.8,0,SSE,3,Shunyi
378,2013,3,16,17,164,115,70,67,2299,101,12.1,1017.3,0.5,0,SSE,1.8,Shunyi
379,2013,3,16,18,134,158,65,62,2700,105,10.6,1017.2,2.4,0,SSE,2.5,Shunyi
380,2013,3,16,19,185,212,54,89,2899,105,10,1017.2,2.6,0,SSE,2.7,Shunyi
381,2013,3,16,20,240,194,42,84,2100,105,9,1017.1,2.5,0,S,3.2,Shunyi
382,2013,3,16,21,255,204,34,90,2100,105,8,1016.5,1.2,0,SSE,2.2,Shunyi
383,2013,3,16,22,213,154,29,93,1899,105,7.1,1015.7,0.5,0,ESE,1.5,Shunyi
384,2013,3,16,23,196,154,33,111,1800,105,6.6,1015,0.3,0,SE,1.5,Shunyi
385,2013,3,17,0,197,137,33,102,1899,105,6.3,1014.6,0.2,0,SE,1.2,Shunyi
386,2013,3,17,1,202,146,43,106,2299,105,5.9,1013.7,-0.4,0,SE,1.4,Shunyi
387,2013,3,17,2,201,148,43,6,300,105,5.6,1012.5,-0.5,0,SE,1.1,Shunyi
388,2013,3,17,3,201,144,4,4,NA,105,5.8,1011.2,-0.3,0,S,1,Shunyi
389,2013,3,17,4,209,163,4,4,200,105,5.3,1010.7,-0.3,0,NNE,1.1,Shunyi
390,2013,3,17,5,171,171,19,97,1700,105,4.8,1010.1,-0.2,0,SSE,0.7,Shunyi
391,2013,3,17,6,168,201,26,92,2200,105,4.1,1008.8,0.1,0,ESE,0.9,Shunyi
392,2013,3,17,7,180,205,20,88,2200,105,5,1008.4,0.2,0,NNE,1.1,Shunyi
393,2013,3,17,8,194,223,21,82,2200,105,6.7,1008.3,0.6,0,SSE,1.3,Shunyi
394,2013,3,17,9,204,229,45,78,2100,105,8.3,1007.5,1,0,SSE,1.8,Shunyi
395,2013,3,17,10,250,257,102,89,2399,105,9.8,1006.2,1.4,0,ESE,1,Shunyi
396,2013,3,17,11,225,259,130,93,2500,105,11.1,1004.5,1.9,0,SSE,1.4,Shunyi
397,2013,3,17,12,235,270,112,90,2500,105,12.5,1002.8,2.3,0,E,1.7,Shunyi
398,2013,3,17,13,321,322,104,100,2600,105,13.8,1001.2,2.7,0,NNE,0.7,Shunyi
399,2013,3,17,14,294,335,110,97,2700,105,14.9,1000,3.1,0,S,2.3,Shunyi
400,2013,3,17,15,317,352,107,96,2700,106,15.2,999.3,3.6,0,SSW,1.2,Shunyi
401,2013,3,17,16,345,354,103,96,2500,107,15.1,998.5,3.6,0,ENE,0.9,Shunyi
402,2013,3,17,17,389,346,91,95,2399,107,13.6,998.2,4.5,0,ESE,1.6,Shunyi
403,2013,3,17,18,352,362,70,99,2600,107,11.6,998.5,4.6,0,NNE,1.5,Shunyi
404,2013,3,17,19,375,399,53,142,2899,54,10.2,998.8,4.3,0,NE,0.8,Shunyi
405,2013,3,17,20,453,400,38,144,3200,107,9.5,998.8,4.3,0,NE,0.6,Shunyi
406,2013,3,17,21,480,421,30,111,3399,107,8.9,999,4.3,0,NNE,1.5,Shunyi
407,2013,3,17,22,492,430,25,120,3700,107,8.7,998.5,3.7,0,NNE,1.1,Shunyi
408,2013,3,17,23,454,381,31,121,3200,107,8.1,998.5,2.7,0,N,2.2,Shunyi
409,2013,3,18,0,436,382,28,98,3100,107,6.7,998.9,2.6,0,N,1.5,Shunyi
410,2013,3,18,1,423,368,27,121,3200,107,6.7,999.1,2.4,0,N,1.3,Shunyi
411,2013,3,18,2,409,348,18,112,3100,107,7.4,999.3,2.1,0,N,1.9,Shunyi
412,2013,3,18,3,383,331,18,81,2700,107,10,999.3,-8.2,0,NW,3.5,Shunyi
413,2013,3,18,4,238,301,26,55,2100,107,10.1,999.9,-8.1,0,WNW,5.3,Shunyi
414,2013,3,18,5,17,44,17,26,1100,107,8.5,1001.4,-8.1,0,NW,2.7,Shunyi
415,2013,3,18,6,11,17,13,14,500,107,7.6,1003,-12.3,0,NNW,5.4,Shunyi
416,2013,3,18,7,3,6,10,22,500,107,6.9,1005,-14,0,NW,5.2,Shunyi
417,2013,3,18,8,10,6,10,24,400,107,7.3,1005.8,-16.9,0,NW,5.1,Shunyi
418,2013,3,18,9,12,6,7,21,300,107,8.8,1006.4,-14.3,0,ENE,5.4,Shunyi
419,2013,3,18,10,9,6,4,14,300,107,9.1,1007,-17.1,0,E,4.2,Shunyi
420,2013,3,18,11,3,6,3,11,300,107,9.6,1006.9,-17.6,0,NE,4.2,Shunyi
421,2013,3,18,12,10,6,3,9,300,107,10.3,1005.9,-17.9,0,W,2,Shunyi
422,2013,3,18,13,8,6,3,7,300,107,11.5,1004.7,-17,0,SSE,1.1,Shunyi
423,2013,3,18,14,9,6,3,10,300,107,12.2,1003.5,-16.4,0,S,1.8,Shunyi
424,2013,3,18,15,3,6,3,11,300,107,11.3,1002.7,-16.2,0,SSE,2.3,Shunyi
425,2013,3,18,16,6,6,3,12,300,82,10.1,1002.4,-16.3,0,SSE,5.3,Shunyi
426,2013,3,18,17,17,6,4,24,300,78,9.5,1002.6,-15.1,0,S,5.3,Shunyi
427,2013,3,18,18,3,6,5,33,400,68,6.5,1003.9,-2.9,0,S,5.2,Shunyi
428,2013,3,18,19,48,216,8,48,500,32,4.4,1006,-3.9,0,SSE,6.5,Shunyi
429,2013,3,18,20,50,99,8,48,800,30,3.5,1007,-4,0,S,5.3,Shunyi
430,2013,3,18,21,40,50,6,42,800,36,2.1,1007,-4.9,0,SSE,4.3,Shunyi
431,2013,3,18,22,29,12,4,30,600,49,1.9,1007.2,-5.3,0,SSE,3.2,Shunyi
432,2013,3,18,23,29,12,4,30,600,55,1.6,1008.4,-5.1,0,SE,2.2,Shunyi
433,2013,3,19,0,26,6,3,23,600,41,1,1008.9,-4.6,0,E,1.9,Shunyi
434,2013,3,19,1,19,20,3,32,600,45,-0.1,1009,-2.3,0.2,ESE,1.4,Shunyi
435,2013,3,19,2,7,10,3,24,500,49,-0.3,1008.4,-2.2,0.2,ESE,1.5,Shunyi
436,2013,3,19,3,6,19,3,20,500,42,0.1,1008.7,-2.4,0,N,1.7,Shunyi
437,2013,3,19,4,4,15,3,25,400,43,0.2,1008.3,-2.5,0,N,1.3,Shunyi
438,2013,3,19,5,4,17,3,23,400,41,0.3,1008.3,-2.7,0,NE,0.8,Shunyi
439,2013,3,19,6,7,13,3,23,500,38,0.1,1008.9,-2.1,0,NE,1.6,Shunyi
440,2013,3,19,7,10,17,3,23,600,25,1,1009.8,-1.9,0,N,1.6,Shunyi
441,2013,3,19,8,21,27,3,34,700,21,2.2,1010.2,-2.3,0,N,2.7,Shunyi
442,2013,3,19,9,25,35,3,27,600,33,2.7,1010.5,-2.6,0,N,2.7,Shunyi
443,2013,3,19,10,31,44,3,27,600,37,3.9,1010.4,-2.5,0,NE,2.7,Shunyi
444,2013,3,19,11,34,48,3,25,600,40,3.7,1010.4,-1.1,0,NNE,2.1,Shunyi
445,2013,3,19,12,34,37,3,20,600,48,3.8,1009.9,0.5,0,NNE,2.9,Shunyi
446,2013,3,19,13,36,44,3,18,600,49,4.4,1009.9,0.4,0,NNE,2.4,Shunyi
447,2013,3,19,14,51,30,3,18,600,50,4.5,1010.2,1,0,NE,3.5,Shunyi
448,2013,3,19,15,41,21,3,18,600,50,3.9,1010.8,0.9,0,NE,2.7,Shunyi
449,2013,3,19,16,36,8,3,19,600,47,3.2,1011.9,1.2,0,NE,2.5,Shunyi
450,2013,3,19,17,26,6,3,17,500,51,2.4,1012.6,1.1,0.4,NE,2.3,Shunyi
451,2013,3,19,18,25,6,3,18,600,50,1.7,1014.2,0.7,0.8,NE,2,Shunyi
452,2013,3,19,19,24,6,3,21,500,45,1,1015.7,0.1,0.8,NE,2.9,Shunyi
453,2013,3,19,20,19,6,3,20,500,48,0.7,1017.1,0,1.5,NNE,0.7,Shunyi
454,2013,3,19,21,25,6,3,38,600,26,0.4,1017.9,-0.2,1.3,ESE,2.6,Shunyi
455,2013,3,19,22,36,13,3,31,700,30,-0.1,1018.6,-0.7,0.8,ESE,2.4,Shunyi
456,2013,3,19,23,37,13,3,31,1000,31,-0.4,1019.3,-1,0.8,E,1.8,Shunyi
457,2013,3,20,0,50,22,3,38,1000,24,-0.9,1020.2,-1.5,2.1,SSE,1.6,Shunyi
458,2013,3,20,1,51,32,3,32,1000,26,-1.6,1020.9,-2.2,1.3,SE,1.7,Shunyi
459,2013,3,20,2,22,33,3,18,800,47,-2,1021.3,-2.6,1,SSE,1.3,Shunyi
460,2013,3,20,3,21,6,3,19,800,44,-2,1021.1,-2.6,1.1,S,1.1,Shunyi
461,2013,3,20,4,21,6,3,20,500,51,-3.3,1021.6,-3.8,0,W,1,Shunyi
462,2013,3,20,5,21,6,3,25,600,38,-5.6,1022.1,-6.1,0,SSE,0.6,Shunyi
463,2013,3,20,6,26,6,3,63,700,7,-3.9,1022.4,-4.3,0,WSW,0,Shunyi
464,2013,3,20,7,15,19,3,59,700,13,-2.4,1022.7,-2.7,0,W,0.8,Shunyi
465,2013,3,20,8,32,34,3,52,800,18,-1.1,1023.4,-1.5,0,NW,0.4,Shunyi
466,2013,3,20,9,24,33,3,46,900,18,1.4,1023.6,-1.7,0,S,1.6,Shunyi
467,2013,3,20,10,44,21,3,48,800,29,2.2,1023.1,-5,0,WSW,2.9,Shunyi
468,2013,3,20,11,52,23,3,64,900,29,2.9,1022.2,-7.6,0,WNW,3.4,Shunyi
469,2013,3,20,12,32,6,4,52,800,43,3.9,1021.2,-9.2,0,W,4,Shunyi
470,2013,3,20,13,13,6,7,32,600,57,4.9,1019.9,-9.7,0,WSW,4,Shunyi
471,2013,3,20,14,3,6,7,31,500,57,5.5,1019.2,-7.4,0,SW,2.5,Shunyi
472,2013,3,20,15,4,9,10,31,500,58,5.9,1018.3,-6.7,0,SW,2.9,Shunyi
473,2013,3,20,16,11,28,10,31,500,62,5.6,1017.7,-6,0,WSW,2.6,Shunyi
474,2013,3,20,17,21,30,8,32,600,69,4.7,1017.3,-5.1,0,S,1.6,Shunyi
475,2013,3,20,18,30,43,5,38,700,60,4.1,1017,-3.9,0,SSW,4,Shunyi
476,2013,3,20,19,65,67,3,54,800,44,3.4,1017,-3.9,0,SSW,1.9,Shunyi
477,2013,3,20,20,86,87,3,62,1000,28,2.2,1016.7,-3.3,0,S,1.8,Shunyi
478,2013,3,20,21,74,87,3,71,1100,18,2.5,1016.4,-3.4,0,S,2.5,Shunyi
479,2013,3,20,22,83,90,3,76,1100,10,1.9,1015.7,-3.4,0,SSE,1.8,Shunyi
480,2013,3,20,23,89,90,3,76,1200,11,1.8,1014.7,-3.5,0,SSE,2,Shunyi
481,2013,3,21,0,104,91,3,61,1100,24,1.8,1014.4,-3.7,0,SSE,2.6,Shunyi
482,2013,3,21,1,95,80,3,48,1000,31,1.4,1013.5,-3.7,0,SSE,2.5,Shunyi
483,2013,3,21,2,90,79,3,3,NA,2,1,1012.6,-3.9,0,SSE,2.7,Shunyi
484,2013,3,21,3,88,76,3,4,NA,NA,0.5,1011.7,-4.2,0,SE,1.4,Shunyi
485,2013,3,21,4,74,92,3,4,100,NA,0,1011.1,-4.3,0,SE,1,Shunyi
486,2013,3,21,5,89,101,3,NA,1000,5,-0.3,1010.6,-4,0,SE,1.1,Shunyi
487,2013,3,21,6,97,104,3,62,1800,4,-0.1,1010.1,-3.8,0,SSE,1.1,Shunyi
488,2013,3,21,7,91,95,3,61,1899,4,0.8,1009.6,-4.2,0,S,1.5,Shunyi
489,2013,3,21,8,85,92,3,61,1800,6,1.7,1008.7,-4,0,ESE,1.1,Shunyi
490,2013,3,21,9,80,84,4,52,1600,18,2.9,1008.1,-3.9,0,ESE,0.2,Shunyi
491,2013,3,21,10,85,100,21,54,1500,21,4,1006.9,-3.5,0,SSE,1.6,Shunyi
492,2013,3,21,11,90,100,42,48,1399,32,5.6,1005.8,-3,0,NNW,0.8,Shunyi
493,2013,3,21,12,99,115,54,47,1399,42,6.8,1004.6,-2.9,0,NNW,1.4,Shunyi
494,2013,3,21,13,111,127,54,49,1399,52,7,1003.6,-2.7,0,NNE,1,Shunyi
495,2013,3,21,14,151,152,52,58,1399,53,7.8,1002.8,-2.5,0,ENE,0.9,Shunyi
496,2013,3,21,15,141,159,50,62,1399,59,7.6,1002.5,-1.6,0,NNW,1.6,Shunyi
497,2013,3,21,16,153,172,46,67,1399,61,7.1,1002.2,-1.6,0,NNW,1.9,Shunyi
498,2013,3,21,17,158,174,43,76,1500,55,6.6,1002.6,-1.3,0,NNE,2.2,Shunyi
499,2013,3,21,18,162,180,24,88,1500,36,6,1003.8,-1.4,0,NNE,1,Shunyi
